MAX VÆRDI: 0.9136999845504761

Patience: 2. Epochs: 27
    Result: [0.2665947377681732, 0.8998000025749207].
    History:
        Loss:                [0.8075221180915833, 0.4721815884113312, 0.4186214506626129, 0.3837434947490692, 0.3634447753429413, 0.3484959304332733, 0.3381482660770416, 0.3261090815067291, 0.32080894708633423, 0.3150270879268646, 0.3074743449687958, 0.30385464429855347, 0.2995609641075134, 0.29782775044441223, 0.2961617708206177, 0.2967677414417267, 0.2890567183494568, 0.28414177894592285, 0.2860420048236847, 0.28105053305625916, 0.2851322889328003, 0.278319388628006, 0.2784336507320404, 0.27734678983688354, 0.2742901146411896, 0.2780718505382538, 0.27484479546546936]
        Accuracy:            [0.7301666736602783, 0.8241041898727417, 0.8460208177566528, 0.8582708239555359, 0.8650416731834412, 0.8703749775886536, 0.8732500076293945, 0.8767499923706055, 0.8791666626930237, 0.8819791674613953, 0.8845833539962769, 0.8850416541099548, 0.8877291679382324, 0.8888333439826965, 0.8869583606719971, 0.8867083191871643, 0.8912500143051147, 0.8948541879653931, 0.8930416703224182, 0.8950833082199097, 0.8928958177566528, 0.8950416445732117, 0.8938541412353516, 0.895479142665863, 0.8974791765213013, 0.8956458568572998, 0.8958749771118164]
        Validation loss:     [0.4363335371017456, 0.3590235710144043, 0.342641144990921, 0.3155902028083801, 0.30151209235191345, 0.29132139682769775, 0.29384684562683105, 0.2955799698829651, 0.29867810010910034, 0.27237561345100403, 0.28173190355300903, 0.27930134534835815, 0.25922340154647827, 0.2667032480239868, 0.3058270514011383, 0.2630477845668793, 0.2649092674255371, 0.27773696184158325, 0.2588176131248474, 0.2702949345111847, 0.2629338800907135, 0.25479772686958313, 0.2520717978477478, 0.2565685510635376, 0.259856641292572, 0.2596394121646881, 0.25035449862480164]
        Validation accuracy: [0.846750020980835, 0.8727499842643738, 0.8778333067893982, 0.8815000057220459, 0.8927500247955322, 0.8924999833106995, 0.8895000219345093, 0.890500009059906, 0.8888333439826965, 0.9022499918937683, 0.8914999961853027, 0.8955000042915344, 0.9054166674613953, 0.8995833396911621, 0.8847500085830688, 0.9056666493415833, 0.9005833268165588, 0.8981666564941406, 0.9025833606719971, 0.8994166851043701, 0.9020833373069763, 0.9037500023841858, 0.906000018119812, 0.903249979019165, 0.9037500023841858, 0.9051666855812073, 0.9075833559036255]

    Patience: 3. Epochs: 24
    Result: [0.2780391573905945, 0.9002000093460083].
    History:
        Loss:                [0.27273914217948914, 0.2683476507663727, 0.26794669032096863, 0.26470673084259033, 0.26328742504119873, 0.26349493861198425, 0.26649507880210876, 0.26328012347221375, 0.2605516016483307, 0.2609124481678009, 0.2598840594291687, 0.25765901803970337, 0.25762125849723816, 0.25581419467926025, 0.2574763298034668, 0.2555925250053406, 0.2543794810771942, 0.2553165853023529, 0.25239431858062744, 0.25120100378990173, 0.24899379909038544, 0.2494829297065735, 0.2566930651664734, 0.2500030994415283]
        Accuracy:            [0.8966249823570251, 0.8983749747276306, 0.8996250033378601, 0.9001874923706055, 0.9000208377838135, 0.9011666774749756, 0.8991458415985107, 0.8997916579246521, 0.9015833139419556, 0.901604175567627, 0.9019583463668823, 0.9039166569709778, 0.9019583463668823, 0.9028124809265137, 0.9029791951179504, 0.9035624861717224, 0.9058333039283752, 0.903124988079071, 0.9058541655540466, 0.9048958420753479, 0.9050624966621399, 0.906624972820282, 0.9035416841506958, 0.906541645526886]
        Validation loss:     [0.2573246955871582, 0.2480141669511795, 0.2484046220779419, 0.24317297339439392, 0.25579366087913513, 0.2427240014076233, 0.25211578607559204, 0.24126140773296356, 0.2524944543838501, 0.2517881989479065, 0.24857155978679657, 0.2530016601085663, 0.2482861876487732, 0.24035973846912384, 0.24713389575481415, 0.24759212136268616, 0.25093773007392883, 0.2570161819458008, 0.24494390189647675, 0.23875388503074646, 0.24122653901576996, 0.23970699310302734, 0.24360986053943634, 0.26276206970214844]
        Validation accuracy: [0.9039999842643738, 0.9087499976158142, 0.9086666703224182, 0.9107499718666077, 0.9075000286102295, 0.9104999899864197, 0.9108333587646484, 0.9104166626930237, 0.9084166884422302, 0.909250020980835, 0.9081666469573975, 0.9067500233650208, 0.9113333225250244, 0.9104166626930237, 0.9084166884422302, 0.9089166522026062, 0.9074166417121887, 0.9052500128746033, 0.909500002861023, 0.9079999923706055, 0.9110833406448364, 0.9125833511352539, 0.9106666445732117, 0.9055833220481873]

    Patience: 4. Epochs: 20
    Result: [0.2543956935405731, 0.9103000164031982].
    History:
        Loss:                [0.2514392137527466, 0.2513083815574646, 0.2487807422876358, 0.2507111728191376, 0.24566209316253662, 0.24612188339233398, 0.24981416761875153, 0.24813084304332733, 0.24526120722293854, 0.2414582520723343, 0.2492394596338272, 0.24549542367458344, 0.2408994734287262, 0.2439471036195755, 0.24236735701560974, 0.24065421521663666, 0.24792620539665222, 0.24339444935321808, 0.24334022402763367, 0.244184210896492]
        Accuracy:            [0.9062708616256714, 0.9053541421890259, 0.90645831823349, 0.906416654586792, 0.9072916507720947, 0.9067500233650208, 0.9062291383743286, 0.9069166779518127, 0.9073958396911621, 0.9082916378974915, 0.9042500257492065, 0.9075208306312561, 0.909416675567627, 0.9096041917800903, 0.9098541736602783, 0.9096249938011169, 0.9063125252723694, 0.9081458449363708, 0.9081666469573975, 0.9082083106040955]
        Validation loss:     [0.24726414680480957, 0.24433720111846924, 0.23984423279762268, 0.24021214246749878, 0.2347857654094696, 0.24251501262187958, 0.2414982169866562, 0.24468007683753967, 0.2430143505334854, 0.23730264604091644, 0.25428494811058044, 0.23560203611850739, 0.24236714839935303, 0.24124355614185333, 0.24534045159816742, 0.23924791812896729, 0.24472898244857788, 0.24851498007774353, 0.23992441594600677, 0.23333017528057098]
        Validation accuracy: [0.9102500081062317, 0.9107499718666077, 0.9089999794960022, 0.9103333353996277, 0.9135000109672546, 0.9100833535194397, 0.9120833277702332, 0.9085833430290222, 0.9106666445732117, 0.9135000109672546, 0.9035833477973938, 0.9120833277702332, 0.9118333458900452, 0.9143333435058594, 0.9104999899864197, 0.9128333330154419, 0.9103333353996277, 0.9102500081062317, 0.9111666679382324, 0.9136666655540466]

    Patience: 5. Epochs: 7
    Result: [0.2566538453102112, 0.9081000089645386].
    History:
        Loss:                [0.23975276947021484, 0.23793086409568787, 0.24242274463176727, 0.23908579349517822, 0.2415253072977066, 0.24058710038661957, 0.2408473938703537]
        Accuracy:            [0.9090416431427002, 0.9106458425521851, 0.9083541631698608, 0.910854160785675, 0.9090833067893982, 0.909583330154419, 0.9113333225250244]
        Validation loss:     [0.23772075772285461, 0.2303367555141449, 0.24046917259693146, 0.23645737767219543, 0.24151885509490967, 0.24784855544567108, 0.2387871891260147]
        Validation accuracy: [0.9114166498184204, 0.9150000214576721, 0.9125000238418579, 0.9139999747276306, 0.9122499823570251, 0.9121666550636292, 0.9148333072662354]

    Patience: 6. Epochs: 16
    Result: [0.2777918577194214, 0.9060999751091003].
    History:
        Loss:                [0.23824426531791687, 0.24040384590625763, 0.2387116253376007, 0.2355528324842453, 0.23973418772220612, 0.2423587441444397, 0.23814675211906433, 0.23960475623607635, 0.23677320778369904, 0.23497645556926727, 0.23881980776786804, 0.23616911470890045, 0.23747330904006958, 0.23812684416770935, 0.24322225153446198, 0.23535658419132233]
        Accuracy:            [0.910812497138977, 0.9098125100135803, 0.9118750095367432, 0.9112499952316284, 0.9087291955947876, 0.9102500081062317, 0.9105416536331177, 0.9095625281333923, 0.9103749990463257, 0.9117083549499512, 0.9097499847412109, 0.9122291803359985, 0.911145806312561, 0.9117916822433472, 0.909250020980835, 0.9126041531562805]
        Validation loss:     [0.23836195468902588, 0.2409648299217224, 0.24098418653011322, 0.2363133281469345, 0.24019913375377655, 0.23540206253528595, 0.23976609110832214, 0.2402483969926834, 0.23922736942768097, 0.239823117852211, 0.24508962035179138, 0.23591111600399017, 0.2413226068019867, 0.23852266371250153, 0.25163617730140686, 0.2512686848640442]
        Validation accuracy: [0.9140833616256714, 0.9120000004768372, 0.9119166731834412, 0.9176666736602783, 0.9129999876022339, 0.9131666421890259, 0.9130833148956299, 0.9114166498184204, 0.9133333563804626, 0.9135000109672546, 0.9130833148956299, 0.9133333563804626, 0.9110833406448364, 0.9142500162124634, 0.9100833535194397, 0.9086666703224182]

    Patience: 7. Epochs: 32
    Result: [0.25532302260398865, 0.909500002861023].
    History:
        Loss:                [0.23474760353565216, 0.235905721783638, 0.24207079410552979, 0.2361886203289032, 0.23499025404453278, 0.2326919287443161, 0.23305128514766693, 0.23501040041446686, 0.23212750256061554, 0.235326886177063, 0.23692332208156586, 0.23376575112342834, 0.2367728054523468, 0.23075677454471588, 0.23132982850074768, 0.2395593225955963, 0.23211169242858887, 0.23190174996852875, 0.23248490691184998, 0.23592548072338104, 0.22990413010120392, 0.23514752089977264, 0.2340661883354187, 0.23316456377506256, 0.22931766510009766, 0.23005235195159912, 0.2323671132326126, 0.232852503657341, 0.24514257907867432, 0.23525339365005493, 0.23032590746879578, 0.2302345186471939]
        Accuracy:            [0.9125416874885559, 0.911020815372467, 0.9097708463668823, 0.9123749732971191, 0.9125416874885559, 0.9127916693687439, 0.9132708311080933, 0.9120416641235352, 0.9131458401679993, 0.9125624895095825, 0.9122499823570251, 0.9118958115577698, 0.9102291464805603, 0.9126041531562805, 0.9150208234786987, 0.9108750224113464, 0.9129375219345093, 0.9127291440963745, 0.9131041765213013, 0.9126250147819519, 0.9149791598320007, 0.9129999876022339, 0.9129583239555359, 0.913895845413208, 0.9145208597183228, 0.9142916798591614, 0.9126666784286499, 0.9129791855812073, 0.911062479019165, 0.9121041893959045, 0.9144583344459534, 0.914229154586792]
        Validation loss:     [0.24142694473266602, 0.23964336514472961, 0.2404177039861679, 0.23846128582954407, 0.26312243938446045, 0.23486652970314026, 0.2420169860124588, 0.24061807990074158, 0.24004359543323517, 0.23359891772270203, 0.23688794672489166, 0.24695304036140442, 0.23672547936439514, 0.23133549094200134, 0.22780810296535492, 0.23986688256263733, 0.24205222725868225, 0.23666459321975708, 0.23945538699626923, 0.24012786149978638, 0.24319866299629211, 0.24235625565052032, 0.2343837022781372, 0.25466230511665344, 0.23269808292388916, 0.23619681596755981, 0.23788835108280182, 0.23615717887878418, 0.2752024531364441, 0.2613493502140045, 0.23859785497188568, 0.23581016063690186]
        Validation accuracy: [0.9116666913032532, 0.9114999771118164, 0.9122499823570251, 0.9135833382606506, 0.9045000076293945, 0.9150000214576721, 0.9133333563804626, 0.9110833406448364, 0.9127500057220459, 0.9128333330154419, 0.9134166836738586, 0.9081666469573975, 0.9128333330154419, 0.9157500267028809, 0.9154166579246521, 0.9124166369438171, 0.9125833511352539, 0.9150833487510681, 0.9118333458900452, 0.9114166498184204, 0.9112499952316284, 0.9130833148956299, 0.9152500033378601, 0.9079166650772095, 0.9124166369438171, 0.9132500290870667, 0.9149166941642761, 0.9146666526794434, 0.9010833501815796, 0.9039999842643738, 0.9118333458900452, 0.9151666760444641]

    Patience: 8. Epochs: 19
    Result: [0.2504091262817383, 0.9125999808311462].
    History:
        Loss:                [0.23105698823928833, 0.22895516455173492, 0.23346742987632751, 0.2363302856683731, 0.22787609696388245, 0.22666428983211517, 0.2430679053068161, 0.23324663937091827, 0.22749735414981842, 0.23244106769561768, 0.22606109082698822, 0.22916023433208466, 0.22700858116149902, 0.23362882435321808, 0.22844582796096802, 0.23586279153823853, 0.23318101465702057, 0.22943386435508728, 0.23099744319915771]
        Accuracy:            [0.9147083163261414, 0.9163125157356262, 0.9145208597183228, 0.9136041402816772, 0.9166250228881836, 0.9147916436195374, 0.9118541479110718, 0.9140625, 0.9159791469573975, 0.914229154586792, 0.9163125157356262, 0.9155208468437195, 0.913937509059906, 0.914229154586792, 0.9159374833106995, 0.9138333201408386, 0.9127291440963745, 0.9161041378974915, 0.913895845413208]
        Validation loss:     [0.2377612292766571, 0.2430587112903595, 0.23716267943382263, 0.24303598701953888, 0.24107186496257782, 0.23402456939220428, 0.23683710396289825, 0.23829355835914612, 0.24219000339508057, 0.24501389265060425, 0.24572332203388214, 0.23464152216911316, 0.24728955328464508, 0.24585668742656708, 0.29760071635246277, 0.23854480683803558, 0.24110272526741028, 0.24086172878742218, 0.23588566482067108]
        Validation accuracy: [0.9162499904632568, 0.9126666784286499, 0.9138333201408386, 0.9130833148956299, 0.9121666550636292, 0.9153333306312561, 0.9125833511352539, 0.9145833253860474, 0.9104999899864197, 0.9127500057220459, 0.9110000133514404, 0.9174166917800903, 0.9108333587646484, 0.9134166836738586, 0.8925833106040955, 0.9144166707992554, 0.9135833382606506, 0.9133333563804626, 0.9153333306312561]

    Patience: 9. Epochs: 20
    Result: [0.27605435252189636, 0.9067000150680542].
    History:
        Loss:                [0.23053213953971863, 0.23412761092185974, 0.22840598225593567, 0.23706181347370148, 0.23001420497894287, 0.2278512716293335, 0.2338773012161255, 0.23197989165782928, 0.23465634882450104, 0.23109011352062225, 0.22420631349086761, 0.22781512141227722, 0.23156224191188812, 0.2278522104024887, 0.23163922131061554, 0.22898539900779724, 0.23047508299350739, 0.23516373336315155, 0.22519412636756897, 0.23853535950183868]
        Accuracy:            [0.9152291417121887, 0.9135833382606506, 0.9156875014305115, 0.9135833382606506, 0.9155833125114441, 0.9160624742507935, 0.9149791598320007, 0.9148541688919067, 0.9128124713897705, 0.9139999747276306, 0.9187291860580444, 0.9158124923706055, 0.9158541560173035, 0.9146041870117188, 0.9163333177566528, 0.9138749837875366, 0.9157291650772095, 0.9125416874885559, 0.9145416617393494, 0.9131249785423279]
        Validation loss:     [0.23538970947265625, 0.23475974798202515, 0.2533559501171112, 0.25647464394569397, 0.25687742233276367, 0.2531090974807739, 0.2647533714771271, 0.2465265840291977, 0.2477535456418991, 0.2365446835756302, 0.2394808828830719, 0.24484501779079437, 0.24464617669582367, 0.24085702002048492, 0.2571744918823242, 0.2528987228870392, 0.2538663446903229, 0.24766696989536285, 0.2412654161453247, 0.25721487402915955]
        Validation accuracy: [0.9142500162124634, 0.9154166579246521, 0.9100833535194397, 0.909250020980835, 0.9100000262260437, 0.9107499718666077, 0.9047499895095825, 0.9125833511352539, 0.9137499928474426, 0.9152500033378601, 0.9136666655540466, 0.9150833487510681, 0.9129999876022339, 0.9140833616256714, 0.9114166498184204, 0.9154166579246521, 0.9129166603088379, 0.9149166941642761, 0.9161666631698608, 0.9133333563804626]

    Patience: 10. Epochs: 31
    Result: [0.25922924280166626, 0.9128000140190125].
    History:
        Loss:                [0.2318335324525833, 0.2264978587627411, 0.22687983512878418, 0.2292376458644867, 0.2323693186044693, 0.22613735496997833, 0.2304227501153946, 0.22986669838428497, 0.22568081319332123, 0.2318427562713623, 0.22907857596874237, 0.22759027779102325, 0.2265889048576355, 0.24067576229572296, 0.2357206791639328, 0.22904697060585022, 0.22708144783973694, 0.2326674610376358, 0.2243531346321106, 0.23178021609783173, 0.22299711406230927, 0.2323608249425888, 0.22698165476322174, 0.2348373681306839, 0.2324763536453247, 0.22332344949245453, 0.22647759318351746, 0.23160326480865479, 0.22670994699001312, 0.22888806462287903, 0.2249189019203186]
        Accuracy:            [0.9149374961853027, 0.9166458249092102, 0.9173750281333923, 0.9151458144187927, 0.9130416512489319, 0.9161875247955322, 0.9164375066757202, 0.9147083163261414, 0.9168750047683716, 0.9141666889190674, 0.9172083139419556, 0.9165624976158142, 0.9167708158493042, 0.9123125076293945, 0.9134583473205566, 0.9155625104904175, 0.9167500138282776, 0.9147708415985107, 0.9176250100135803, 0.9157500267028809, 0.9182291626930237, 0.9162083268165588, 0.9164166450500488, 0.9151458144187927, 0.9148333072662354, 0.9179375171661377, 0.9173750281333923, 0.914312481880188, 0.9169583320617676, 0.9147291779518127, 0.917104184627533]
        Validation loss:     [0.26706141233444214, 0.24788053333759308, 0.25080984830856323, 0.24858205020427704, 0.24119575321674347, 0.2499074935913086, 0.251636266708374, 0.2530079185962677, 0.24887323379516602, 0.25624242424964905, 0.244262233376503, 0.2543346881866455, 0.24871273338794708, 0.2737906873226166, 0.2560097277164459, 0.2602430284023285, 0.3011270761489868, 0.25949662923812866, 0.2608897089958191, 0.24902014434337616, 0.25651073455810547, 0.23915813863277435, 0.2583201825618744, 0.25393563508987427, 0.25145283341407776, 0.2580670118331909, 0.28724873065948486, 0.24928049743175507, 0.25461241602897644, 0.26674744486808777, 0.2549251616001129]
        Validation accuracy: [0.9050833582878113, 0.9152500033378601, 0.9126666784286499, 0.9147499799728394, 0.9179166555404663, 0.9149166941642761, 0.9129999876022339, 0.9115833044052124, 0.9152500033378601, 0.9108333587646484, 0.9149166941642761, 0.9107499718666077, 0.9155833125114441, 0.9078333377838135, 0.9169999957084656, 0.9101666808128357, 0.8956666588783264, 0.9114166498184204, 0.9126666784286499, 0.9125833511352539, 0.9157500267028809, 0.9100000262260437, 0.9121666550636292, 0.906166672706604, 0.9173333048820496, 0.9103333353996277, 0.903249979019165, 0.9165833592414856, 0.9129166603088379, 0.906499981880188, 0.9140833616256714]

    Patience: 11. Epochs: 12
    Result: [0.26953837275505066, 0.9107000231742859].
    History:
        Loss:                [0.22041605412960052, 0.22728805243968964, 0.23456840217113495, 0.22609063982963562, 0.22577255964279175, 0.2259320467710495, 0.2250836044549942, 0.23408205807209015, 0.2261536717414856, 0.24657416343688965, 0.22847318649291992, 0.2283332347869873]
        Accuracy:            [0.9192708134651184, 0.9174791574478149, 0.9135416746139526, 0.9167708158493042, 0.9181874990463257, 0.9168958067893982, 0.918624997138977, 0.9164791703224182, 0.9169374704360962, 0.9103541374206543, 0.9167916774749756, 0.9181458353996277]
        Validation loss:     [0.2702968418598175, 0.2539122700691223, 0.2611519694328308, 0.2516242563724518, 0.26086103916168213, 0.2584511339664459, 0.26990795135498047, 0.2568572759628296, 0.26036337018013, 0.2577723264694214, 0.26291558146476746, 0.272773414850235]
        Validation accuracy: [0.9114166498184204, 0.9159166812896729, 0.9109166860580444, 0.9143333435058594, 0.9154999852180481, 0.9168333411216736, 0.9121666550636292, 0.9142500162124634, 0.9149166941642761, 0.9150833487510681, 0.9141666889190674, 0.9148333072662354]

    Patience: 12. Epochs: 13
    Result: [0.2705315053462982, 0.9125999808311462].
    History:
        Loss:                [0.21973168849945068, 0.23853419721126556, 0.2289692759513855, 0.23338143527507782, 0.2297752946615219, 0.22351941466331482, 0.22081567347049713, 0.2318316102027893, 0.23396216332912445, 0.22299723327159882, 0.22830328345298767, 0.22900858521461487, 0.24235652387142181]
        Accuracy:            [0.9192500114440918, 0.9147708415985107, 0.9182708263397217, 0.9163749814033508, 0.9145625233650208, 0.918708324432373, 0.9189375042915344, 0.9178333282470703, 0.9161875247955322, 0.9181874990463257, 0.9156458377838135, 0.9172083139419556, 0.9138749837875366]
        Validation loss:     [0.26495102047920227, 0.2514716386795044, 0.26981914043426514, 0.25784024596214294, 0.2575948238372803, 0.2630518078804016, 0.25696972012519836, 0.2480504810810089, 0.2640690207481384, 0.2574136257171631, 0.26479053497314453, 0.2667118012905121, 0.275351345539093]
        Validation accuracy: [0.9103333353996277, 0.9147499799728394, 0.9143333435058594, 0.9149166941642761, 0.9102500081062317, 0.9173333048820496, 0.9178333282470703, 0.9164166450500488, 0.9130833148956299, 0.9171666502952576, 0.9139999747276306, 0.9130833148956299, 0.9158333539962769]

    Patience: 13. Epochs: 17
    Result: [0.26603490114212036, 0.9136999845504761].
    History:
        Loss:                [0.23208555579185486, 0.23740655183792114, 0.23816390335559845, 0.2233438938856125, 0.22811771929264069, 0.23550626635551453, 0.22724653780460358, 0.227799192070961, 0.23243145644664764, 0.2334878295660019, 0.24171148240566254, 0.22866515815258026, 0.23246029019355774, 0.23359742760658264, 0.2400965392589569, 0.23465126752853394, 0.22368259727954865]
        Accuracy:            [0.9134374856948853, 0.9138749837875366, 0.9129791855812073, 0.9177083373069763, 0.9166041612625122, 0.9151874780654907, 0.9170833230018616, 0.9174374938011169, 0.9152916669845581, 0.9146458506584167, 0.9114583134651184, 0.9176458120346069, 0.9159166812896729, 0.9149374961853027, 0.913812518119812, 0.9164583086967468, 0.9181666374206543]
        Validation loss:     [0.27208563685417175, 0.2670198678970337, 0.25497812032699585, 0.2425660341978073, 0.2468515783548355, 0.25887808203697205, 0.26985394954681396, 0.2895161211490631, 0.2616676688194275, 0.2562994658946991, 0.2416582852602005, 0.2504909336566925, 0.25404801964759827, 0.2606654167175293, 0.2689518630504608, 0.25292423367500305, 0.2505146563053131]
        Validation accuracy: [0.9161666631698608, 0.9154999852180481, 0.9160000085830688, 0.9202499985694885, 0.9197499752044678, 0.9157500267028809, 0.9139999747276306, 0.9113333225250244, 0.9150833487510681, 0.9126666784286499, 0.9166666865348816, 0.9134166836738586, 0.9148333072662354, 0.9135833382606506, 0.9168333411216736, 0.9138333201408386, 0.9162499904632568]

    Patience: 14. Epochs: 15
    Result: [0.27925726771354675, 0.9085999727249146].
    History:
        Loss:                [0.22475679218769073, 0.231649249792099, 0.23162023723125458, 0.22738848626613617, 0.2249041199684143, 0.22708921134471893, 0.2334793657064438, 0.22676236927509308, 0.2358979433774948, 0.22748759388923645, 0.24463102221488953, 0.2282477766275406, 0.22807694971561432, 0.2289532870054245, 0.23060768842697144]
        Accuracy:            [0.9179375171661377, 0.9134791493415833, 0.9159166812896729, 0.917354166507721, 0.917020857334137, 0.9167708158493042, 0.9166666865348816, 0.917312502861023, 0.9132083058357239, 0.917229175567627, 0.9128333330154419, 0.9161458611488342, 0.9179791808128357, 0.9176041483879089, 0.9170416593551636]
        Validation loss:     [0.24246077239513397, 0.2375037670135498, 0.2544957995414734, 0.2609502673149109, 0.2521620988845825, 0.2512269914150238, 0.25413912534713745, 0.25945496559143066, 0.27634602785110474, 0.23762908577919006, 0.2508363127708435, 0.2525850534439087, 0.26187488436698914, 0.2838684618473053, 0.26097092032432556]
        Validation accuracy: [0.9161666631698608, 0.9155833125114441, 0.9132500290870667, 0.9083333611488342, 0.9155833125114441, 0.9123333096504211, 0.9139999747276306, 0.9163333177566528, 0.9109166860580444, 0.9133333563804626, 0.9159166812896729, 0.9158333539962769, 0.9150000214576721, 0.9075000286102295, 0.9142500162124634]

    Patience: 15. Epochs: 32
    Result: [0.29959040880203247, 0.9097999930381775].
    History:
        Loss:                [0.2278168499469757, 0.23357653617858887, 0.23707306385040283, 0.2409292757511139, 0.22659358382225037, 0.22110775113105774, 0.2221144586801529, 0.23524387180805206, 0.2399470955133438, 0.22399912774562836, 0.23958466947078705, 0.2285420149564743, 0.2337196320295334, 0.23054146766662598, 0.22899208962917328, 0.23493321239948273, 0.22084619104862213, 0.2526503801345825, 0.22905892133712769, 0.23279821872711182, 0.2315700203180313, 0.22952508926391602, 0.2267235964536667, 0.23021818697452545, 0.23839253187179565, 0.23644758760929108, 0.23107101023197174, 0.2373005598783493, 0.24479302763938904, 0.230629563331604, 0.23282884061336517, 0.23897776007652283]
        Accuracy:            [0.9167916774749756, 0.9168541431427002, 0.9141250252723694, 0.9141666889190674, 0.9165416955947876, 0.9192500114440918, 0.9176874756813049, 0.917187511920929, 0.9135000109672546, 0.9176250100135803, 0.9144999980926514, 0.9179166555404663, 0.9158750176429749, 0.9161875247955322, 0.9161875247955322, 0.9172916412353516, 0.9194999933242798, 0.9133958220481873, 0.9161458611488342, 0.9154375195503235, 0.9157083630561829, 0.917104184627533, 0.9178333282470703, 0.9161875247955322, 0.9152291417121887, 0.9157291650772095, 0.9156458377838135, 0.9153125286102295, 0.9134791493415833, 0.9158124923706055, 0.9157708287239075, 0.9130833148956299]
        Validation loss:     [0.2742460072040558, 0.24807500839233398, 0.25343310832977295, 0.25054487586021423, 0.27040326595306396, 0.2388339638710022, 0.25065627694129944, 0.24605132639408112, 0.24310240149497986, 0.26276811957359314, 0.24007676541805267, 0.2386150062084198, 0.24687327444553375, 0.263241708278656, 0.2966713607311249, 0.2761998176574707, 0.24554894864559174, 0.23034140467643738, 0.2473367154598236, 0.24672576785087585, 0.23451343178749084, 0.24825391173362732, 0.23979046940803528, 0.2602342367172241, 0.2391301840543747, 0.25766652822494507, 0.2445959746837616, 0.26007023453712463, 0.2577266991138458, 0.24438010156154633, 0.2541920840740204, 0.238779217004776]
        Validation accuracy: [0.9135000109672546, 0.9191666841506958, 0.9134166836738586, 0.9160000085830688, 0.9155833125114441, 0.9161666631698608, 0.9118333458900452, 0.9134166836738586, 0.9102500081062317, 0.9070833325386047, 0.9136666655540466, 0.9152500033378601, 0.9139999747276306, 0.9120000004768372, 0.9038333296775818, 0.9071666598320007, 0.9137499928474426, 0.9175833463668823, 0.9123333096504211, 0.9128333330154419, 0.9163333177566528, 0.9132500290870667, 0.9158333539962769, 0.909250020980835, 0.9158333539962769, 0.9132500290870667, 0.9144166707992554, 0.9155833125114441, 0.9123333096504211, 0.9167500138282776, 0.9149166941642761, 0.9127500057220459]

    Patience: 16. Epochs: 17
    Result: [0.265560507774353, 0.9118000268936157].
    History:
        Loss:                [0.22057464718818665, 0.23040719330310822, 0.24095311760902405, 0.23144443333148956, 0.22706079483032227, 0.2266206443309784, 0.2232794463634491, 0.23458793759346008, 0.22727862000465393, 0.23894555866718292, 0.24004757404327393, 0.23285289108753204, 0.22447320818901062, 0.2355073243379593, 0.22365514934062958, 0.2253604680299759, 0.24553517997264862]
        Accuracy:            [0.9199166893959045, 0.9175000190734863, 0.9133541584014893, 0.9160000085830688, 0.9201041460037231, 0.9204999804496765, 0.9185208082199097, 0.9158124923706055, 0.9178125262260437, 0.9157291650772095, 0.9151874780654907, 0.9161041378974915, 0.9170416593551636, 0.9149374961853027, 0.9193958044052124, 0.918583333492279, 0.9131875038146973]
        Validation loss:     [0.23840999603271484, 0.23563264310359955, 0.23326940834522247, 0.25382936000823975, 0.25582876801490784, 0.249294713139534, 0.24851660430431366, 0.2594136893749237, 0.24801288545131683, 0.24883882701396942, 0.30840522050857544, 0.25757554173469543, 0.2559698522090912, 0.2521980106830597, 0.2473670244216919, 0.24836719036102295, 0.23447637259960175]
        Validation accuracy: [0.9161666631698608, 0.9159166812896729, 0.9161666631698608, 0.9143333435058594, 0.9121666550636292, 0.9128333330154419, 0.9136666655540466, 0.9144999980926514, 0.9153333306312561, 0.9171666502952576, 0.9005833268165588, 0.9146666526794434, 0.9140833616256714, 0.9130833148956299, 0.9157500267028809, 0.9165833592414856, 0.9153333306312561]

    Patience: 17. Epochs: 49
    Result: [0.30926236510276794, 0.9128000140190125].
    History:
        Loss:                [0.2259846329689026, 0.22851964831352234, 0.22979457676410675, 0.22405605018138885, 0.23123286664485931, 0.22660352289676666, 0.2310371696949005, 0.24315764009952545, 0.25297966599464417, 0.22887466847896576, 0.2393270879983902, 0.2342243790626526, 0.22425223886966705, 0.2225751280784607, 0.2265545278787613, 0.23617936670780182, 0.23414555191993713, 0.2522891163825989, 0.2500448226928711, 0.2480630725622177, 0.2214464545249939, 0.23177888989448547, 0.2394121140241623, 0.2338775396347046, 0.24219729006290436, 0.2382848858833313, 0.22741833329200745, 0.25129392743110657, 0.23100095987319946, 0.23256109654903412, 0.22742190957069397, 0.21879343688488007, 0.2307480424642563, 0.2307729870080948, 0.24668104946613312, 0.24047741293907166, 0.2251032143831253, 0.23449958860874176, 0.2380257397890091, 0.22885221242904663, 0.25312528014183044, 0.23408401012420654, 0.24594223499298096, 0.2233591079711914, 0.22195570170879364, 0.23170889914035797, 0.21980403363704681, 0.24339936673641205, 0.22767570614814758]
        Accuracy:            [0.9180208444595337, 0.9168958067893982, 0.9175833463668823, 0.9200833439826965, 0.9173333048820496, 0.918791651725769, 0.917104184627533, 0.9134166836738586, 0.9104375243186951, 0.9167708158493042, 0.9145416617393494, 0.9163958430290222, 0.9181666374206543, 0.9200416803359985, 0.9186875224113464, 0.9155416488647461, 0.9150000214576721, 0.9122083187103271, 0.9122291803359985, 0.9145416617393494, 0.9199166893959045, 0.9180833101272583, 0.9172083139419556, 0.9154583215713501, 0.9135208129882812, 0.9180833101272583, 0.9182708263397217, 0.913812518119812, 0.9158541560173035, 0.917354166507721, 0.9181249737739563, 0.9210416674613953, 0.9162291884422302, 0.9172499775886536, 0.9130416512489319, 0.9139166474342346, 0.9190000295639038, 0.9166874885559082, 0.9168750047683716, 0.9196458458900452, 0.9128958582878113, 0.9182083606719971, 0.9153333306312561, 0.9192083477973938, 0.9182500243186951, 0.9180833101272583, 0.9206458330154419, 0.9145625233650208, 0.9172499775886536]
        Validation loss:     [0.2594737708568573, 0.23950091004371643, 0.260563462972641, 0.25603431463241577, 0.2739827632904053, 0.2609536349773407, 0.2580045461654663, 0.2534080743789673, 0.2382858246564865, 0.2752566635608673, 0.2618936002254486, 0.23911146819591522, 0.2858274579048157, 0.24248018860816956, 0.2578752636909485, 0.2432851940393448, 0.2612169086933136, 0.276937872171402, 0.27179577946662903, 0.2531927227973938, 0.2620382606983185, 0.25751224160194397, 0.24401719868183136, 0.251944363117218, 0.2606687545776367, 0.2746352255344391, 0.2556939125061035, 0.26814404129981995, 0.2742747664451599, 0.2611169219017029, 0.2550615966320038, 0.26502782106399536, 0.2741044759750366, 0.25959479808807373, 0.25993072986602783, 0.2598799169063568, 0.24285492300987244, 0.27884119749069214, 0.2604353725910187, 0.24616791307926178, 0.2556206285953522, 0.25203779339790344, 0.2401750236749649, 0.2516723573207855, 0.24082739651203156, 0.256624698638916, 0.24792125821113586, 0.2616581916809082, 0.24065561592578888]
        Validation accuracy: [0.909583330154419, 0.9168333411216736, 0.9125000238418579, 0.9166666865348816, 0.9074166417121887, 0.9100833535194397, 0.9115833044052124, 0.9127500057220459, 0.9146666526794434, 0.9039999842643738, 0.9075000286102295, 0.9146666526794434, 0.909416675567627, 0.918583333492279, 0.9105833172798157, 0.9130833148956299, 0.9079166650772095, 0.9083333611488342, 0.909500002861023, 0.9193333387374878, 0.9185000061988831, 0.9159166812896729, 0.9157500267028809, 0.9178333282470703, 0.9175000190734863, 0.9045833349227905, 0.9196666479110718, 0.9110833406448364, 0.9135000109672546, 0.9158333539962769, 0.9161666631698608, 0.9144999980926514, 0.9110000133514404, 0.9153333306312561, 0.9107499718666077, 0.9139166474342346, 0.9144166707992554, 0.9089999794960022, 0.9118333458900452, 0.9148333072662354, 0.9149166941642761, 0.9165833592414856, 0.9140833616256714, 0.9142500162124634, 0.9171666502952576, 0.9163333177566528, 0.9098333120346069, 0.9126666784286499, 0.9169999957084656]

    Patience: 18. Epochs: 31
    Result: [0.30177709460258484, 0.9075999855995178].
    History:
        Loss:                [0.24845246970653534, 0.2453508973121643, 0.23621806502342224, 0.22957874834537506, 0.22970342636108398, 0.23890958726406097, 0.24478326737880707, 0.22818510234355927, 0.22817623615264893, 0.2475472390651703, 0.24598170816898346, 0.23109737038612366, 0.21353739500045776, 0.21855658292770386, 0.2627864480018616, 0.23398618400096893, 0.22937428951263428, 0.23105715215206146, 0.2306104302406311, 0.23298487067222595, 0.23025541007518768, 0.233061283826828, 0.2254800647497177, 0.2286967784166336, 0.2271551787853241, 0.24081698060035706, 0.22304001450538635, 0.2373189628124237, 0.24476981163024902, 0.23950909078121185, 0.23900215327739716]
        Accuracy:            [0.9104583263397217, 0.9135000109672546, 0.9140833616256714, 0.917312502861023, 0.9174374938011169, 0.9146875143051147, 0.9148541688919067, 0.9179999828338623, 0.9197083115577698, 0.9150833487510681, 0.913687527179718, 0.9166874885559082, 0.9228749871253967, 0.9212708473205566, 0.9103333353996277, 0.9171666502952576, 0.9174791574478149, 0.9175624847412109, 0.9177708625793457, 0.9161666631698608, 0.9158124923706055, 0.917187511920929, 0.9182083606719971, 0.918916642665863, 0.9194791913032532, 0.9147499799728394, 0.9203333258628845, 0.9163125157356262, 0.9149166941642761, 0.9151041507720947, 0.9162499904632568]
        Validation loss:     [0.2575033903121948, 0.3398135304450989, 0.25156721472740173, 0.27613505721092224, 0.26640942692756653, 0.3188929259777069, 0.2593790292739868, 0.25510504841804504, 0.23434877395629883, 0.2595807611942291, 0.24875277280807495, 0.23984621465206146, 0.26827019453048706, 0.2691592872142792, 0.2573305070400238, 0.2671772539615631, 0.28143009543418884, 0.2621469497680664, 0.24038967490196228, 0.26618048548698425, 0.27651095390319824, 0.25558388233184814, 0.24402545392513275, 0.24378438293933868, 0.23605403304100037, 0.23987388610839844, 0.24936437606811523, 0.25171488523483276, 0.26395562291145325, 0.2451600581407547, 0.25309741497039795]
        Validation accuracy: [0.9084166884422302, 0.893833339214325, 0.9154166579246521, 0.9080833196640015, 0.9066666960716248, 0.8849999904632568, 0.9104999899864197, 0.9185000061988831, 0.9179999828338623, 0.9156666398048401, 0.9120000004768372, 0.9152500033378601, 0.9088333249092102, 0.9050833582878113, 0.9153333306312561, 0.9169999957084656, 0.909166693687439, 0.9097499847412109, 0.9185000061988831, 0.909583330154419, 0.9154999852180481, 0.9158333539962769, 0.9175000190734863, 0.9160833358764648, 0.9154999852180481, 0.9162499904632568, 0.9098333120346069, 0.9123333096504211, 0.9110000133514404, 0.9123333096504211, 0.9137499928474426]

    Patience: 19. Epochs: 48
    Result: [0.3386603891849518, 0.8925999999046326].
    History:
        Loss:                [0.22769339382648468, 0.2365904599428177, 0.22649940848350525, 0.24104343354701996, 0.22574631869792938, 0.22882212698459625, 0.23414701223373413, 0.24438922107219696, 0.23200999200344086, 0.23572205007076263, 0.23121675848960876, 0.22604992985725403, 0.2317257821559906, 0.24224017560482025, 0.24620169401168823, 0.24110279977321625, 0.24160344898700714, 0.23727276921272278, 0.2295389622449875, 0.24024948477745056, 0.2312292754650116, 0.2272503823041916, 0.24460817873477936, 0.2239183783531189, 0.24095164239406586, 0.2254093885421753, 0.25515007972717285, 0.2416587769985199, 0.22197851538658142, 0.22730094194412231, 0.2423117458820343, 0.23502036929130554, 0.22784368693828583, 0.24988465011119843, 0.23763833940029144, 0.24080108106136322, 0.2617979943752289, 0.2248101830482483, 0.2268041968345642, 0.2450929433107376, 0.2402534782886505, 0.2283819019794464, 0.25009313225746155, 0.23669010400772095, 0.2533716559410095, 0.22814929485321045, 0.23126259446144104, 0.23862500488758087]
        Accuracy:            [0.9174583554267883, 0.9153541922569275, 0.9184374809265137, 0.9156666398048401, 0.918833315372467, 0.9192083477973938, 0.9167916774749756, 0.9136041402816772, 0.9181041717529297, 0.9155625104904175, 0.9177916646003723, 0.9195833206176758, 0.9177500009536743, 0.9159166812896729, 0.9146249890327454, 0.9137499928474426, 0.9146249890327454, 0.9172083139419556, 0.9181666374206543, 0.9163541793823242, 0.9182291626930237, 0.9181249737739563, 0.9126458168029785, 0.9194999933242798, 0.9156041741371155, 0.9190000295639038, 0.9114583134651184, 0.9136250019073486, 0.9193333387374878, 0.9201874732971191, 0.914229154586792, 0.9181249737739563, 0.9196041822433472, 0.9120416641235352, 0.9170416593551636, 0.9160000085830688, 0.9123958349227905, 0.9199166893959045, 0.9203125238418579, 0.9136041402816772, 0.9162499904632568, 0.9183541536331177, 0.913770854473114, 0.9180416464805603, 0.9127916693687439, 0.9191458225250244, 0.917395830154419, 0.9144166707992554]
        Validation loss:     [0.24634891748428345, 0.2476290762424469, 0.26597070693969727, 0.2669198215007782, 0.28353092074394226, 0.23776449263095856, 0.27965426445007324, 0.25322747230529785, 0.24643224477767944, 0.2427016645669937, 0.25537872314453125, 0.2577194571495056, 0.25058475136756897, 0.24126383662223816, 0.2658444046974182, 0.26206129789352417, 0.2743433713912964, 0.2632352113723755, 0.26926302909851074, 0.2571336030960083, 0.28049415349960327, 0.2417619377374649, 0.2545945346355438, 0.26806288957595825, 0.26249632239341736, 0.28651297092437744, 0.26361513137817383, 0.26674169301986694, 0.2578311562538147, 0.24712064862251282, 0.29383090138435364, 0.2512262165546417, 0.24803653359413147, 0.25255170464515686, 0.2490999400615692, 0.24889835715293884, 0.23872730135917664, 0.24956324696540833, 0.2627701163291931, 0.24297626316547394, 0.2408306747674942, 0.2823775112628937, 0.25866591930389404, 0.26386743783950806, 0.24424296617507935, 0.2443114072084427, 0.2788528800010681, 0.3125915229320526]
        Validation accuracy: [0.9149166941642761, 0.9089999794960022, 0.9126666784286499, 0.9076666831970215, 0.9080833196640015, 0.9172499775886536, 0.9057499766349792, 0.9150833487510681, 0.9124166369438171, 0.918583333492279, 0.9140833616256714, 0.9128333330154419, 0.918583333492279, 0.9107499718666077, 0.9068333506584167, 0.9135000109672546, 0.9047499895095825, 0.9138333201408386, 0.9139166474342346, 0.9099166393280029, 0.9042500257492065, 0.9140833616256714, 0.9172499775886536, 0.9136666655540466, 0.9142500162124634, 0.9128333330154419, 0.9140833616256714, 0.9146666526794434, 0.9155833125114441, 0.9097499847412109, 0.9104999899864197, 0.9127500057220459, 0.9123333096504211, 0.9163333177566528, 0.9152500033378601, 0.9164166450500488, 0.9156666398048401, 0.9152500033378601, 0.9117500185966492, 0.9146666526794434, 0.9139999747276306, 0.9010833501815796, 0.9154166579246521, 0.9125000238418579, 0.9166666865348816, 0.9183333516120911, 0.9124166369438171, 0.8993333578109741]

    